'Chow Stat'
.85085523 (209, 144714283)

'Intercept'
9.99028629082

'Beta'
[5.50110791961,0.143823812986,0.0450222223407,0.0176551972815,0.0783537061657,0.156952922843,0.144686337106,-0.215442984582,-0.315341220075,-0.11610774876,-0.0920766572935,-0.136683304942,-0.0540501121334,-0.0169045784343,0.0603394124473,0.151473382383,0.164626037217,0.0686389621755,0.0788862141132,-0.00542359447291,-0.167119103385,-0.169417245766,-0.091148662257,0.0151246939201,-0.141673163227,-0.0469811171904,0.0343427629847,0.119579757318,0.0673388636578,-0.0416507062125,-0.345235749969,-0.239904923182,-0.116521175399,-0.123161769268,-0.0528964716337,-0.0517634677973,-0.173450022173,0.0367353240725,0.270784477654,0.115287694332,0.0886648166008,0.0222927414434,0.0113220578667,0.00350989808564,0.00732744513171,0.0209631707295,0.0234833315969,-0.031069711666,-0.0272567378903,0.0154945583478,0.0168139316585,0.00590055188252,0.00168287517231,-0.015282279371,-0.0117931618342,-0.0024943883414,-0.00264940940246,-0.00968380919855,-0.0196539587801,-0.0418843408769,-0.0760279277568,-0.0488267772647,-0.0107046884578,-0.00113468813242,0.0279981538304,0.0119386532651,0.00283676573667,-0.00540307547403,0.000271491064282,0.0123211005922,0.00236312718675,-0.0707399560972,-0.0736445798743,-0.00211060648607,0.0249877913417,0.0192538036855,0.0300261704669,0.0217253306229,0.0219996456914,0.0257934522657,0.0172728819589,-0.00208193738419,0.0015465573323,-0.00686917910951,-0.0514866790888,-0.0430477167234,-0.00936728844891,0.00161146683072,0.023821663455,-0.0036435204466,-0.0127513303179,-0.00917715057053,-0.00346146570614,0.00887502927576,0.00246336167851,-0.0793891190911,-0.0850222045194,-0.0198508264689,0.0156002099264,0.0222638529494,0.0361593033502,0.0389705535836,0.0528286084729,0.0491510585543,0.0393346786424,0.0194512250437,0.0377084267509,0.00824734521293,-0.0465965718139,-0.0415345026944,-0.0181171860513,0.00763969070119,0.0151932965228,-0.00589170326872,-0.0155708609815,-0.0133599055508,-0.00584775719447,0.00976444787579,0.00897268031012,-0.0756957757171,-0.0935334493089,-0.0182963760631,0.0102949041129,0.00709459791006,0.0285448910903,0.0321441162832,0.0326509822475,0.047736181369,0.0532634255442,0.0304422615457,0.0370099980244,0.0299671908584,-0.00937765520649,-0.0189498482055,0.00418437246726,0.0112889320012,0.0327441071743,0.00834779905064,0.00116054485319,-0.00481073260494,0.00241343564157,0.0239380556335,0.0281479271855,-0.0470589755257,-0.070709534138,-0.0234088992227,0.00570943387766,0.00494060833361,0.0159183924786,0.0145447097849,0.00707635796277,0.0343571744342,0.0479181892642,0.0207784135765,0.0171882795875,-0.0117023550436,-0.0195311984479,-0.0136134868211,-0.0212246424537,-0.0057325791358,0.0526919453869,0.0492914589352,0.0343199101545,0.0261115016529,0.0347921390759,0.0395894994057,0.0389356286721,0.0397121960898,0.0095322102853,-0.0466208084912,-0.0925483321826,-0.094609291161,-0.0736198525828,-0.0549595308527,-0.0313533462609,-0.0288309202086,-0.0245069905065,-0.026913470155,-0.0226677411204,0.0122388786712,0.0533454776317,0.018661763089,-0.00968109041643,0.0164048785011,0.091725125561,0.0614883840066,0.0237051350291,0.0207846617433,0.0428584181528,0.0415016193308,0.0403202804764,0.0487983574257,0.0252930753709,-0.0213147903763,-0.072934596028,-0.101527428542,-0.092761892109,-0.0540474784852,-0.0110696738322,0.0257608243101,0.0339932617162,0.0366462787475,0.0277546523185,0.00457886581453,-0.0174445487025,-0.0221066771456,-0.0262381388961,-0.0149530068459]

'2010 Standard Errors' - 'Negatives Due to Instability of Inverse (take Abs)'
[  4.68191535e-07   9.40636724e+08   2.71871813e+09   1.87693039e+10
   1.93522169e+09  -9.03177064e+08   1.77824707e+10  -2.09494383e+08
  -5.51737688e+08   1.78665111e+10  -9.05994374e+08  -1.23220278e+09
  -1.05031779e+09  -8.52018432e+08   1.32043742e+09   2.03237022e+09
   1.39761087e+09  -1.10278887e+09   7.84124030e+07  -1.19168274e+09
  -6.30281400e+08  -6.12249719e+09  -5.11066224e+09   4.70797461e+09
   7.60934500e+08   1.84554096e+08  -6.74774243e+08   3.36937800e+09
   5.69458845e+08   2.96898267e+08   1.15099684e-05   1.33667868e-05
   1.23845751e-05   1.13679130e-05   1.13091172e-05   1.15731744e-05
   1.14724410e-05   1.25300645e-05   1.01687910e-05   1.17573907e-05
   1.19963361e-05   1.15574906e+09   4.19421909e+09   1.60601324e+10
  -1.62896922e+09  -4.07108575e+08   1.62382130e+10   3.96578069e+09
  -9.46575624e+08   2.28401733e+10  -4.63833398e+08  -4.36530984e+08
  -1.90884126e+08   9.44028324e+08   1.99666523e+09   2.55844464e+09
   2.17598910e+09  -9.16596101e+08   1.32742032e+08  -1.12748969e+09
   1.61865599e+09  -5.44144682e+09  -4.71795312e+09   4.49121455e+09
   7.60934500e+08   1.11999264e+09   3.01923331e+09   1.89318242e+10
  -1.83536181e+09  -7.55972172e+08   1.74403529e+10  -6.44722459e+07
  -3.20626228e+08   1.95196936e+10  -6.99223396e+08  -1.09025346e+09
  -8.77895542e+08  -5.78961622e+08   1.58072821e+09   2.30901703e+09
   1.51173489e+09  -1.06917701e+09   1.40119570e+08  -1.18512087e+09
  -3.52084453e+08  -5.60506976e+09  -4.25694063e+09   4.99795044e+09
   1.84554096e+08   2.36739092e+08   2.73610354e+09   1.02591851e+10
  -2.84150759e+09  -1.57133341e+09   1.79270192e+10  -1.19102852e+09
  -1.39568582e+09   2.02993391e+10  -1.07070117e+09  -1.57777062e+09
  -1.55308375e+09  -9.33610067e+08   1.08684782e+09   1.13991671e+09
   3.93500258e+08  -1.25086599e+09  -5.58342806e+08  -1.53917191e+09
  -5.41523749e+08  -6.52147279e+09  -6.79461772e+09   4.21670760e+09
  -6.74774243e+08   2.71221507e+09   7.93712017e+09   8.80254252e+09
  -9.07057829e+07   1.14922954e+09   1.42485364e+10  -2.35878842e+09
   9.54847124e+08   4.06644725e+10   1.76736890e+08   1.65028801e+09
   2.61545859e+09   6.63199344e+09   4.78082453e+09   6.50610177e+09
   3.02731382e+09  -1.69743261e+08  -8.30378562e+08  -1.71277516e+08
   9.77207013e+09  -6.01841335e+09  -1.98732558e+09   5.31833624e+09
   3.36937800e+09   8.92807093e+08   4.47458273e+09   7.97630072e+09
  -2.03762036e+09  -9.56373270e+08   1.50260274e+10  -3.38622119e+09
  -4.09505268e+08   2.84380349e+10  -1.63605259e+09  -8.59065734e+08
   7.46842900e+07   2.27699532e+09   1.49924078e+09   3.30914974e+09
   1.37192123e+09  -1.12517262e+09  -1.37950180e+09  -1.33358461e+09
   2.64294547e+09  -1.00104881e+10  -5.76697273e+09   1.12240543e+10
   5.69458845e+08   8.49452555e+08   3.79195733e+09   1.66946102e+10
  -2.36149201e+09  -1.04385229e+09   1.11367312e+10  -4.17656831e+09
  -1.57378743e+09   2.96405019e+10  -1.68991579e+09  -8.94692622e+08
  -6.30102360e+08   1.88197071e+09   2.40021606e+09   2.61253924e+09
   5.17047800e+08  -2.15286196e+09  -1.20675095e+09  -2.80251552e+09
   2.76104406e+09  -4.94153957e+09  -3.57047395e+09   4.92435477e+09
   2.96898267e+08   9.40636724e+08   2.71871813e+09   1.87693039e+10
  -1.93522169e+09  -9.03177064e+08   1.77824707e+10  -2.09494383e+08
  -5.51737688e+08   1.78665111e+10  -9.05994374e+08  -1.23220278e+09
  -1.05031779e+09  -8.52018432e+08   1.32043742e+09   2.03237022e+09
   1.39761087e+09  -1.10278887e+09   7.84124030e+07  -1.19168274e+09
  -6.30281400e+08  -6.12249719e+09  -5.11066224e+09   4.70797461e+09]

'z-test'
[ -6.00695757e+01   2.57996574e-04   2.83276841e-04   1.63966552e-04
   2.73674535e-04   6.01619305e-04   7.20897713e-04   1.39470599e-03
   5.00703171e-04  -3.58124265e-04  -6.52945078e-04  -8.68815308e-04
  -6.68545786e-04  -5.73172226e-04  -4.61045033e-04  -3.79378221e-04
  -3.42881764e-04  -1.11447876e-04  -4.16455230e-04  -3.77886611e-04
  -1.48436830e-04   1.45175719e-04   2.27849801e-04   2.04851608e-04
  -5.92767434e-05  -6.55972557e-04  -5.74044313e-04  -5.49353239e-04
  -6.57535364e-04  -2.83855653e-04   7.81460118e-01   4.03932466e-01
   8.70709633e-01  -7.36506029e-01  -9.83691135e-01  -1.59176992e+00
  -1.22417183e+00   5.91054429e-01   1.15833332e+00   3.64451446e-02
  -1.28380018e-01   1.68211437e-04   6.96935887e-05   3.02678571e-05
   3.56082081e-05   8.92282882e-05   1.17430788e-04   2.07426981e-04
   2.73235158e-05  -1.31498972e-04  -1.80593986e-04  -1.37912070e-04
  -1.04133948e-04  -1.02462750e-04  -7.80825297e-05  -4.37879194e-05
  -3.46981275e-05  -3.37208293e-06  -7.35378757e-05  -7.90851773e-05
  -1.13687845e-05   1.74134842e-05   4.82380534e-05   4.11416510e-05
   1.51056979e-04   1.19126704e-04   5.18424746e-05   1.39554303e-05
   1.79747407e-05   6.71280589e-05   9.65303240e-05   2.22225988e-04
  -1.16379395e-05  -1.46250789e-04  -1.93199626e-04  -2.03614621e-04
  -2.17691782e-04  -1.46666201e-04  -1.11507107e-04  -8.91070642e-05
  -6.39429562e-05  -1.96504133e-05  -1.36675767e-04  -5.30322952e-05
   4.29447876e-05   5.43967874e-05   5.10999975e-05   6.00011384e-05
   1.74091104e-04   1.04594814e-04   6.74924042e-05   3.96438807e-05
   3.95009603e-05   8.48128919e-05   9.72461266e-05   1.46866591e-04
   1.78368972e-05  -1.33650224e-04  -2.08135402e-04  -2.19169133e-04
  -1.29885032e-04  -1.65982008e-04  -1.16607529e-04  -8.58459293e-05
  -6.95357880e-05  -2.75604926e-05  -9.07162944e-05  -1.01371442e-04
  -2.32740142e-05   4.18361608e-05   7.82380622e-05   1.03641755e-04
   1.12496549e-04   8.63564522e-05   5.75089899e-05   3.58450503e-05
   4.93417603e-05   8.73183211e-05   1.16555890e-04   2.04391986e-04
   1.84284664e-05  -9.56011129e-05  -2.26505437e-04  -3.34216163e-04
  -1.69010386e-04  -1.08201634e-04  -9.14250905e-05  -8.55520979e-05
  -7.95226036e-05  -1.32802717e-05  -5.60346948e-05  -2.17588282e-05
   1.13376163e-05   1.73015632e-06   2.78254232e-05   8.12417860e-06
   9.70117427e-05   6.90768461e-05   1.21484094e-04   6.41494186e-05
   6.10930373e-05   1.29107311e-04   1.33097069e-04   1.87739889e-04
   6.19196086e-05  -8.84284691e-05  -1.72241585e-04  -1.78049873e-04
  -1.51156407e-04  -1.18191338e-04  -8.41005420e-05  -1.00223803e-04
  -1.49714989e-04  -1.15510053e-04  -1.82146497e-04  -9.05011239e-05
  -5.18899365e-05   2.23771016e-05   5.43461963e-05   2.50201690e-05
   1.13696813e-04  -1.65820433e-04  -6.82355840e-06   1.57602796e-05
   5.42468738e-05   1.06480001e-04   7.70298834e-05   1.32877541e-04
   1.74075449e-04   1.17144470e-04   1.30530147e-04   8.05663852e-05
   2.15645492e-05  -1.42362695e-05  -4.75786374e-05  -2.47551741e-05
  -4.77582593e-05  -5.52302832e-05  -4.09416308e-05  -8.30321123e-05
  -1.37402049e-04  -1.08181872e-04  -1.40052047e-04  -1.70798551e-04
  -1.21658710e-04  -9.97709374e-05  -8.42130441e-05  -2.67149667e-05
   2.26404481e-05   6.38828958e-05   7.32258611e-05   1.74982658e-04
   1.99076935e-04   1.50322855e-04   1.67958491e-04   1.64003625e-04
   1.01571185e-04   8.92293769e-05   8.85514977e-05   8.03861567e-05
   1.01999950e-04   1.13525504e-04   1.47994470e-04   9.10949441e-05
   6.50684209e-05   1.21703643e-04   1.10959442e-04   1.46207814e-04]